4	5.24851729386e-05
4	0.0261783118659
4	0.128155319081
4	0.0272353915988
5	0.0721317611829
5	0.167907483697
6	0.151794623257
5	0.240729633419
6	0.151823131967
6	0.0948750529437
8	0.0895222597951
7	0.000516062443556
7	0.132928399485
8	0.202627223831
8	0.12592936803
7	0.126527759951
7	0.267345545568
8	0.146164899818
7	0.171338970384
8	0.356024181802
10	0.305637365726
9	0.0439228092376
10	0.12439876036
9	0.135098564644
10	0.154825784216
9	0.275069811792
9	0.27518988204
10	0.309560011404
10	0.309586672586
11	0.133296940175
12	0.155415945161
10	0.340772810131
11	0.163571585782
11	0.343057162136
11	0.344741416775
11	0.343731387731
11	0.346993792199
11	0.164026746321
12	0.362415619357
11	0.274040081324
11	0.175385799288
12	0.343926763918
11	0.128912522705
5	0.054147347482
12	0.280954647447
12	0.342207944069
13	0.346438597799
5	0.000125786163522
13	0.346826524937
12	0.344449361865
12	0.366912077883
15	0.349906929679
13	0.14201786305
4	0.0942368707676
13	0.350199413772
14	0.154747570913
14	0.352722875989
14	0.36128275225
14	0.344236629818
13	0.343310268814
14	0.349174318499
14	0.350981429809
14	0.154828590634
15	0.145276812478
16	0.349070902603
14	0.313455096412
15	0.348298524553
16	0.349070902603
7	0.123765058985
5	0.163344642352
7	0.129260728654
16	0.352838365217
17	0.351377199694
17	0.351385601224
16	0.352954559061
17	0.353616037747
7	0.202331390508
8	0.20176302826
17	0.346186988367
5	0.0542702544604
5	0.294653946777
8	0.15532216292
7	0.201089776855
10	0.130780947106
5	0.126560391363
10	0.167774680106
12	0.34571295319
11	0.344137990556
11	0.13343326255
4	0.12949656367
15	0.351916711801
16	0.352715914938
14	0.349363168193
4	0.0944729774301
17	0.353697248476
5	5.11993446484e-05
5	0.0330338577426
9	0.273816775862
6	0.068121006935
9	0.163612097196
12	0.337864753312
13	0.342839798308
13	0.282980534589
17	0.351377199694
13	0.145281792003
4	0.0355593318389
6	0.301610901381
5	4.3192812716e-05
6	0.12412422153
6	0.149387052835
8	0.149485792969
8	0.0880710693401
10	0.359550150641
12	0.341274575301
12	0.151669633706
12	0.34111036242
8	0.12592936803
15	0.173078563508
14	0.316603575796
14	0.163225980326
12	0.155236614213
11	0.351723224711
5	0.240853016222
4	0.12959272494
5	0.128884047649
7	0.000919142864982
4	0.0136703226832
7	0.000125439036628
7	0.343916735553
6	0.267997655597
5	0.240272179196
9	0.343931455341
9	0.342607538475
5	0.241180873959
9	0.160679064525
13	0.173938670769
10	0.310268931011
11	0.351726794506
5	0.126806897225
10	0.381453117961
5	0.270721706538
13	0.130285886495
13	0.342283566367
11	0.31750537742
7	0.0424361847359
7	0.324101107341
13	0.338928914505
8	0.301580489719
15	0.343539872867
14	0.320714803301
12	0.308997613365
16	0.345831084065
9	0.339470983219
9	0.129803937688
15	0.139520639148
15	0.139520639148
10	0.337880854934
4	0.0943449709453
15	0.133660737988
5	0.0721157445534
17	0.351361044364
13	0.346201878047
16	0.352773622165
9	0.128711567582
16	0.349070902603
11	0.349635848043
14	0.345760601489
4	0.0607051132384
9	0.377431608027
10	0.126726171589
16	0.35932961437
16	0.352773622165
4	0.00675260896255
5	0.16798535882
5	0.163240073477
4	0.0592580544599
4	0.129591240709
6	0.299508396683
12	0.125637391892
14	0.36128275225
13	0.317521853857
13	0.347705112676
15	0.145289850267
8	0.149537948578
8	0.35203310359
9	0.130313222328
16	0.344535699299
15	0.351070314461
10	0.15537078909
15	0.347463977299
12	0.350122243351
16	0.345831084065
13	0.343304424519
9	0.130010607414
4	0.0272361765596
16	0.369544143664
9	0.133628835038
12	0.12971507592
16	0.16336873888
16	0.349557575248
16	0.364610348735
14	0.362387155407
7	0.168706689036
9	0.12487585248
16	0.349063134026
10	0.324192084599
4	0.0329482165066
5	0.126874102174
9	0.276275046086
4	0.00014942099365
11	0.174382087816
5	0.202108871806
12	0.138657755648
7	0.263620366025
7	0.169084739813
8	0.0925727137965
13	0.348446152377
7	0.0157478237932
8	0.124534871359
7	0.0542702544604
15	0.347654041832
15	0.35109905215
11	0.346906725692
14	0.36972599418
12	0.368471059199
13	0.142040643522
13	0.133631560783
8	0.303619904091
11	0.381399657741
12	0.357450579749
12	0.309478904722
7	0.127091700134
8	0.363855178758
14	0.380327910395
11	0.34374379591
5	0.126893358253
8	0.124433193312
11	0.358746984241
4	0.0975894180952
5	0.163284768212
5	0.126587441108
13	0.173261407954
9	0.135493291457
6	0.294615667332
6	0.0357510799429
13	0.346182019045
6	0.0680546838759
4	0.0269604001311
7	0.266558146667
13	0.379376697857
4	0.0604632686328
8	0.0549110709952
8	0.311681056991
9	0.338763388752
12	0.280887035547
10	0.36719954143
14	0.144747835082
10	0.268781881485
11	0.344548331589
9	0.122509920503
6	0.149573694124
7	0.324092218262
4	1.49209191286e-05
8	0.340453442899
15	0.133660737988
14	0.359604829857
14	0.34439062987
9	0.168528931354
16	0.163320036656
18	0.352865144334
5	0.241189337139
4	0.0273159487106
10	0.364004184681
16	0.364242363944
6	0.16801005694
10	0.131284216081
7	0.201982973422
11	0.275716138427
10	0.0978816468733
4	0.0944673197974
6	0.149473983509
16	0.349054802368
16	0.352838365217
12	0.364611665156
15	0.349906929679
6	1.4959310675e-05
14	0.34429344903
14	0.16772165464
8	0.265276971316
14	0.341155148567
7	0.000518067607823
9	0.27633116844
5	0.0555984555985
12	0.34379300512
14	0.317347473923
11	0.347089750727
16	0.352719439957
6	0.0963828251849
9	0.122675793897
12	0.340470266235
7	0.20212987013
10	0.170988208709
16	0.144940602461
15	0.350432692308
14	0.352730624656
11	0.128295371539
11	0.13355987098
17	0.351377199694
9	0.343472813209
6	0.0644681346547
17	0.353594137299
7	0.320118644732
13	0.343320879525
15	0.343539872867
10	0.26892457939
6	0.0683549098386
7	0.0534618513769
6	0.0271268103547
14	0.344443911563
7	0.275430597771
13	0.145187601958
15	0.351082903041
6	0.132100622052
6	0.0683161813006
6	0.124125947036
10	0.364474214343
6	0.158682411964
16	0.349079234744
6	0.0153280196199
9	0.275892198582
6	0.302219369492
8	0.0945569560497
11	0.12978176085
9	0.124890748735
13	0.342975156995
10	0.097880402304
14	0.131791129469
12	0.342176104939
14	0.364935618017
11	0.130041772239
13	0.135639176393
14	0.317454765902
13	0.34651690464
15	0.351107445524
14	0.344240352785
13	0.338944992135
16	0.163282902448
16	0.362473037493
4	0.0273163422611
5	0.167938367173
8	0.151768158892
6	0.0462673579194
6	0.000129399585921
8	0.342222442727
7	0.0534618513769
10	0.132616955248
7	0.053592356161
6	0.304873346027
10	0.280208421485
9	0.127110046499
10	0.312156712578
11	0.347353288116
7	0.241541533636
8	0.0408052965815
12	0.102442636975
8	0.148269867999
11	0.139306797436
13	0.142002752196
11	0.343644956029
11	0.275020928286
15	0.348302678976
13	0.340963280877
14	0.369709387617
14	0.364398765678
15	0.348282442748
12	0.32070199233
11	0.276056369837
13	0.133660737988
15	0.348306833498
15	0.350340585543
17	0.351377199694
12	0.196707616708
15	0.343523417597
13	0.343182152128
13	0.350785152609
4	0.0945332450582
4	0.129981757699
4	0.0608488964346
15	0.145367200149
4	0.0944462763201
8	0.0967640165855
10	0.248462270501
10	0.311792057692
8	0.148275862069
10	0.306106752807
6	0.126833954355
15	0.346455323536
6	0.0969155037709
4	0.076126010954
11	0.127925034178
13	0.346218043397
8	0.126582097858
6	0.304367838368
7	0.000125486259255
15	0.343523417597
14	0.320593561956
14	0.352756659683
14	0.352608211768
6	0.0682669949391
9	0.133494437732
11	0.273953696566
11	0.145113550391
11	0.278765946309
10	0.165791178944
11	0.341796012837
8	0.149523576839
11	0.141090462786
11	0.275107850091
14	0.350981429809
12	0.0978971190276
12	0.364506219469
12	0.34911832139
15	0.353680452389
13	0.340963280877
12	0.0978831606382
9	0.168635331878
9	0.133404586086
9	0.355210395411
17	0.353797491104
4	0.0792856777013
4	0.0945466584685
4	0.129176193753
6	0.0274059451593
6	0.079375651075
17	0.346343630317
9	0.319001815583
7	1.49209191286e-05
10	0.146159683452
8	0.305612924513
10	0.342282128863
12	0.381316249871
8	0.061985804162
11	0.128574248306
12	0.154828590634
4	0.027040118532
5	0.261082359553
8	0.0277119232104
14	0.345724907063
9	0.122675793897
9	0.0541414533948
13	0.383167091935
13	0.342798823318
12	0.0978679583508
9	0.164434628975
14	0.352760185329
10	0.359473626601
10	0.342223864056
14	0.344374512977
15	0.133660737988
13	0.173204148705
13	0.34218620962
15	0.145367200149
16	0.369766032246
16	0.352954559061
15	0.380452690543
13	0.378667307668
4	0.0760505388931
4	0.12930507766
5	0.0600587499636
7	0.122109060047
6	0.159244479915
5	0.273780464669
8	0.0775928026805
8	0.0153728509651
7	0.13260053075
7	0.294607933216
6	0.00346747924766
9	0.351874615857
8	0.124104106355
9	0.122171225426
8	0.0894651910395
8	0.305794319391
9	0.317561988641
10	0.312240276416
9	0.174222854323
11	0.347361824482
12	0.226674025018
10	0.343680242075
13	0.142023655174
13	0.180590890439
13	0.348271584321
12	0.174102003224
12	0.0979229996312
16	0.364353430043
14	0.349307914861
16	0.36690227375
14	0.366744508502
16	0.344543961248
16	0.344401018323
4	0.00211775745971
16	0.36679762093
16	0.344535699299
17	0.351377199694
6	0.0968367853436
7	0.0407477296851
8	0.155293781681
10	0.298186115821
15	0.349906929679
5	0.00775290215589
5	0.126813968077
5	0.00775290215589
5	0.0414865181134
6	0.193988179412
5	0.163344642352
8	0.149495380242
7	0.127023050515
7	0.270114942529
7	0.122167383113
8	0.342069375914
8	0.149530850156
5	0.0416630736064
10	0.132740203751
11	0.26489734031
10	0.125423908436
10	0.361129046012
9	0.275549363562
12	0.316061266072
14	0.359436359436
13	0.139471670229
14	0.349198767702
13	0.128672049476
14	0.154744076028
12	0.312256937381
12	0.36159377251
15	0.346842170313
11	0.145117402673
15	0.350332168042
16	0.369729664202
14	0.364610348735
15	0.135715465507
13	0.34204827679
16	0.362209492437
5	0.000836602024303
15	0.348282442748
6	0.0803785827415
8	0.0819536423841
10	0.169101411128
14	0.34448616459
5	0.127342792083
4	0.000644117969521
4	0.0606734478167
5	0.270266556746
6	0.0681045662412
15	0.351188483428
15	0.34773470341
6	0.125769073733
14	0.364389697648
15	0.346364891637
16	0.349054802368
7	0.247162673392
7	0.241541533636
16	0.349054802368
8	0.0619706949859
6	0.294646160351
9	0.133909430167
12	0.152073423097
12	0.148697075011
12	0.312224070064
10	0.344205849685
10	0.0541151663962
15	0.351156535772
13	0.28297732277
14	0.344252694983
16	0.364926476114
15	0.376835937007
15	0.346364891637
16	0.154724585759
16	0.352719439957
15	0.346170877365
13	0.383919765342
17	0.353509591206
17	0.350433100664
8	0.365561026502
7	0.00816811374129
9	0.274288769059
9	0.171349746077
11	0.342913128674
8	0.309682411113
9	0.00390091415362
10	0.359568877427
8	0.20102739726
6	0.0183856942841
7	0.132880480548
9	0.167744150123
9	0.0158277936056
16	0.362650587763
10	0.309348049404
10	0.340087568724
8	0.197092163627
9	0.132248028363
12	0.34139102963
12	0.152126001183
12	0.364529260186
17	0.347550488919
15	0.135731097989
10	0.338638340166
15	0.353702949421
13	0.173199220362
16	0.352719439957
15	0.351156535772
16	0.364472374316
16	0.349079234744
16	0.349070902603
17	0.145289850267
4	0.0269604001311
5	0.0601121423047
5	0.00260257972781
6	0.000726604699624
6	0.0630215904808
5	0.00253968253968
6	0.00765791870188
6	0.202627223831
7	0.169048698781
7	0.127023050515
7	0.241631114422
12	0.320096143798
10	0.312188816545
7	0.163780612786
11	0.0656851485423
12	0.36719954143
14	0.31735542969
13	0.347010449515
9	0.226739798642
14	0.342224723775
10	0.260013400411
16	0.362386101324
16	0.144940602461
16	0.349070902603
17	0.351377199694
16	0.349079234744
15	0.346259124088
15	0.347550488919
11	0.139253655808
7	0.344492049415
9	0.16399526393
8	0.146473231202
5	0.0718977487509
6	0.307100418818
11	0.175343332004
11	0.139268828661
15	0.142214697635
7	0.163776663371
6	0.302833421353
11	0.128164283913
