tot	2695	39.5	4129	60.5
GCF_000723785.2_AP1_genomic.fa	160	42.2	219	57.8
GCF_000241585.2_ASM24158v3_genomic.fa	157	40.8	228	59.2
GCF_000010965.1_ASM1096v1_genomic.fa	160	43.7	206	56.3
GCF_000010845.1_ASM1084v1_genomic.fa	147	40.5	216	59.5
GCF_001662905.1_ASM166290v1_genomic.fa	144	38.1	234	61.9
GCF_000010905.1_ASM1090v1_genomic.fa	157	40.7	229	59.3
GCF_001766255.1_ASM176625v1_genomic.fa	170	41.5	240	58.5
GCF_000010825.1_ASM1082v1_genomic.fa	143	38.2	231	61.8
GCF_001183745.1_ASM118374v1_genomic.fa	44	11.5	337	88.5
GCF_000285315.1_ASM28531v1_genomic.fa	145	41.4	205	58.6
GCF_000010945.1_ASM1094v1_genomic.fa	155	40.9	224	59.1
GCF_000010925.1_ASM1092v1_genomic.fa	161	41.4	228	58.6
GCF_000010885.1_ASM1088v1_genomic.fa	168	43.8	216	56.3
GCF_000285275.1_ASM28527v1_genomic.fa	155	41.1	222	58.9
GCF_000010865.1_ASM1086v1_genomic.fa	155	40.7	226	59.3
GCF_001766235.1_ASM176623v1_genomic.fa	153	39.8	231	60.2
GCF_000241625.1_ASM24162v2_genomic.fa	164	42.2	225	57.8
GCF_001953595.1_ASM195359v1_genomic.fa	157	42.5	212	57.5
